00100000000010000000000000000101
00100000000010011111111111111111
00000001000010010100100000100000
00000001000010010100100000100010
00000001000010010100100000011000
00000001000010010100100000011010
00000001000010010101000000100100
00000001000010010101000000100101
00000001000010010100100010101010
00000001000010010100100010000000
00100101000010010000000010000000
10101101001010000000000000001000
10001101001010000000000000001000
00010001000010010000000000000010
00010101000010010000000000000010
00001000000000000000000000101000